# wavelength (A), geometric albedo
3318 0.475
3338 0.489
3359 0.515
3379 0.487
3398 0.497
3419 0.499
3438 0.527
3458 0.492
3479 0.520
3498 0.511
3519 0.531
3539 0.501
3559 0.513
3579 0.537
3600 0.495
3620 0.491
3641 0.514
3661 0.487
3678 0.514
3698 0.515
3719 0.499
3737 0.527
3755 0.518
3775 0.492
3794 0.515
3814 0.542
3834 0.553
3854 0.514
3874 0.517
3894 0.513
3912 0.505
3932 0.565
3950 0.515
3969 0.538
3989 0.501
4001 0.515
4020 0.498
4040 0.521
4060 0.518
4079 0.514
4099 0.526
4177 0.514
4137 0.519
4156 0.520
4176 0.540
4191 0.534
4211 0.515
4231 0.553
4248 0.531
4268 0.542
4286 0.557
4306 0.565
4326 0.561
4340 0.559
4359 0.539
4372 0.540
4392 0.553
4409 0.504
4428 0.526
4447 0.546
4464 0.554
4483 0.549
4503 0.543
4524 0.553
4544 0.552
4564 0.547
4584 0.540
4604 0.541
4624 0.568
4644 0.576
4664 0.577
4683 0.580
4703 0.584
4723 0.589
4743 0.582
4763 0.589
4783 0.574
4803 0.540
4823 0.530
4843 0.483
4863 0.481
4883 0.558
4893 0.585
4913 0.594
4933 0.576
4951 0.580
4971 0.585
4989 0.580
5009 0.580
5029 0.573
5049 0.551
5068 0.538
5088 0.508
5108 0.504
5128 0.563
5148 0.588
5168 0.601
5188 0.579
5199 0.567
5219 0.561
5239 0.556
5258 0.590
5278 0.573
5298 0.574
5317 0.572
5335 0.533
5354 0.495
5372 0.446
5391 0.403
5410 0.357
5430 0.312
5450 0.377
5470 0.492

