#  Data from Wagener et al. 1986 
# Wavelength in Angstroms, Avg Geometric Albedo for Uranus, Avg Geometric Albedo for Neptune
2050 0.501 0.489
2100 0.478 0.469
2150 0.504 0.521
2200 0.508 0.544
2250 0.539 0.613
2300 0.525 0.547
2350 0.549 0.581
2400 0.552 0.580
2450 0.563 0.597
2500 0.564 0.617
2550 0.532 0.571
2600 0.530 0.565
2650 0.507 0.514
2700 0.547 0.540
2750 0.541 0.555
2800 0.537 0.565
2848 0.514 0.522
2898 0.511 0.538
2951 0.510 0.547
2994 0.545 0.577
3048 0.505 0.529
3100 0.525 0.552
3150 0.499 0.540
3200 0.513 0.524
3246 0.511 0.551
3300 0.491 0.550
3338 0.487 0.522