# phase angle, disk-int. albedo at 283 nm
3.200000000000003 0.31315298486046866
3.5999999999999943 0.3160565617786752
3.9999999999999964 0.32062504140370807
4.399999999999999 0.3254389578205765
4.800000000000001 0.3312082768916479
5.199999999999999 0.3347505587167706
5.600000000000001 0.3332473919528486
5.9999999999999964 0.3303155120963688
6.400000000000006 0.3283118722654525
6.800000000000001 0.3271477574384277
7.199999999999992 0.3236882793357983
7.600000000000005 0.31653220768755863
8.000000000000004 0.31019710443762577
8.400000000000002 0.3038679953128087
8.8 0.2996548786938502
9.200000000000006 0.2962058470880066
9.600000000000005 0.2922603260435385
