0.308 0.45973594893564207
0.31 0.4327960727325424
0.312 0.4131338235882829
0.314 0.4245117985521175
0.316 0.42632602681221765
0.318 0.42581750560564513
0.32 0.4408072255428075
0.322 0.46806382367486166
0.324 0.48959435145634644
0.326 0.5105628688731304
0.328 0.5277159615474726
0.33 0.5408613441895568
0.3320000000000001 0.541374311744951
0.334 0.5337590399486671
0.336 0.540046089974845
0.338 0.5421885796945548
0.34 0.5369195274173869
0.342 0.5318443482752229
0.34400000000000003 0.5373478554157168
0.34600000000000003 0.5476279563789539
0.348 0.5560519503681343
0.35000000000000003 0.5491347594522253
0.35200000000000004 0.5411272686231803
0.35400000000000004 0.5462112066727629
0.35600000000000004 0.5488968321023938
0.35800000000000004 0.5442466702383918
0.36000000000000004 0.5419345692089294
0.36200000000000004 0.5507603676810549
0.364 0.5644728123512224
0.36600000000000005 0.5675071421400324
0.36800000000000005 0.5632675016626044
0.3700000000000001 0.5657635562170584
0.37200000000000005 0.5662988450328259
0.37400000000000005 0.5654389965699718
0.37600000000000006 0.5654452483771079
0.37800000000000006 0.5723591109965053
0.38 0.580905142347255
0.38200000000000006 0.5803036419206524
0.384 0.5723030932954836
0.38600000000000007 0.5842093019648962
0.38800000000000007 0.5910042367214783
0.39000000000000007 0.6109808047153599
0.3920000000000001 0.6280630787893786
0.3940000000000001 0.6401657089842344
0.3960000000000001 0.6486197715783014
0.3980000000000001 0.6423891047518864
0.4 0.6499352867456181
0.4020000000000001 0.6706937764018964
0.404 0.6941084238581715
0.40600000000000014 0.7172008128710508
0.4080000000000001 0.7328511224626483
0.4100000000000001 0.7372807485869615
0.41200000000000003 0.7457362107172407
0.4140000000000001 0.7593341105396542
0.41600000000000004 0.7729865780484286
0.4180000000000001 0.7899326474656934
0.42000000000000004 0.8022381439313451
0.4220000000000001 0.8082061815658749
0.42400000000000004 0.8173471060536859
0.42600000000000016 0.825269161385176
0.42800000000000016 0.8416442734546572
0.4300000000000001 0.8616162286781994
0.4320000000000001 0.8668784586819938
0.4340000000000001 0.8647825939868778
0.4360000000000001 0.863038468448882
0.4380000000000001 0.8638209665648231
0.44000000000000006 0.8716201383612736
0.44200000000000006 0.8824247278937599
0.4440000000000002 0.8892002873618634
0.4460000000000001 0.894189980792309
0.4480000000000001 0.8956784112096674
0.4500000000000001 0.8963064586081315
0.4520000000000001 0.900741461998748
0.4540000000000001 0.9040193436165795
0.4560000000000001 0.9068356849073669
0.4580000000000001 0.91373944914247
0.46000000000000013 0.9167983730464484
0.46200000000000013 0.9167983730464361
0.46400000000000013 0.9180839492640112
0.46600000000000014 0.9211881699429105
0.4680000000000001 0.926829709251078
0.47000000000000014 0.9330540355839213
0.47200000000000014 0.934849930250508
0.47400000000000014 0.9391341561303092
0.47600000000000015 0.9432315451172959
0.4780000000000001 0.9451033682930987
0.4800000000000002 0.9605843562756667
0.48200000000000015 0.9755578788497663
0.48400000000000015 0.9755644844008077
0.4860000000000002 0.9734382699597146
0.48800000000000016 0.9767858038649491
0.49000000000000016 0.9763182667667173
0.49200000000000016 0.9742310476782359
0.49400000000000016 0.9705387962689379
0.49600000000000016 0.9686382814451402
0.49800000000000016 0.9713542781392062
0.5000000000000001 0.9752697730150455
0.5020000000000001 0.979950829404302
0.5040000000000001 0.9801582649892848
0.5060000000000001 0.9804978999988219
0.5080000000000001 0.9801582585768708
0.5100000000000001 0.9797075252648154
0.5120000000000001 0.98298396918756
0.5140000000000001 0.9913922669937731
0.5160000000000002 0.9939644478810312
0.5180000000000001 0.9920325572920993
0.5200000000000002 0.9916782414358284
0.5220000000000001 0.9900685146893615
0.5240000000000002 0.9904521388701397
0.5260000000000001 0.9916782398079078
0.5280000000000002 0.9931310246866408
0.5300000000000001 0.9963746539402429
0.5320000000000001 0.9974382299426557
0.5340000000000001 0.9974382299426641
0.5360000000000001 0.9974382299426284
0.5380000000000001 0.998118091119788
0.5400000000000001 0.9982632553601694
0.5420000000000001 0.9961756086432385
0.5440000000000002 0.9946090357911038
0.5460000000000002 0.9955182336782559
0.5480000000000002 0.9944965414481579
0.55 0.9975612185891677
0.5520000000000002 0.9983982296030184
0.5540000000000002 0.9983982282463925
0.5560000000000002 0.9976023879510775
0.5580000000000002 0.9976126653357495
0.5600000000000003 0.9935512158001875
0.5620000000000003 0.9921645422110287
0.5640000000000002 0.9954410407934692
0.5660000000000002 0.9963864391336184
0.5680000000000002 0.9961721441362119
0.5700000000000001 0.9979182253498347
0.5720000000000003 0.996569876030293
0.5740000000000002 0.9935982372023905
0.5760000000000001 0.9952510697751685
0.5780000000000001 0.9974382302488728
0.5800000000000003 0.9955540693940274
0.5820000000000002 0.9935982391405153
0.5840000000000002 0.9969411627883347
0.5860000000000002 0.997335125824398
0.5880000000000003 0.9929241993864963
0.5900000000000003 0.9932726721651923
0.5920000000000001 0.997151857920878
