0.21473734569533987 0.07709043569862895
0.2196675046518528 0.08112057326466914
0.22498786723186584 0.09366667203345194
0.22971619672794769 0.10156786414979771
0.23468258148505083 0.10221088936065487
0.24012714680994451 0.10314403148309578
0.24507007104857018 0.1059806151715953
0.250229315067863 0.10359129936771602
0.25425072394099907 0.10258956972949101
0.2590584051907547 0.1030713728773406
0.2650070266552891 0.10187526594337735
0.26940828892318525 0.0953572438950901
0.2739416891113294 0.09148432630361131
0.2794338654884273 0.0879658350449545
0.2841059587416882 0.08612511586506062
0.28910580923838414 0.08363909442398676
0.2936095387708068 0.08254038314246746
0.2998655620289209 0.08260220850880806
