# Wavelength, Geo Albedo Titan
0.5000 0.209
0.5124 0.223
0.5264 0.242
0.5370 0.260
0.5490 0.270
0.5556 0.278
0.5652 0.290
0.5840 0.302
0.5914 0.311
0.6024 0.317
0.6100 0.318
0.6140 0.296
0.6190 0.279
0.6240 0.299
0.6280 0.342
0.6370 0.343
0.6424 0.347
0.6500 0.351
0.6630 0.331
0.6730 0.352
0.6800 0.368
0.7020 0.305
0.7124 0.351
0.7274 0.206
0.7364 0.280
0.7450 0.360
0.7500 0.364
0.7530 0.368
0.7724 0.324
0.7834 0.263
0.7890 0.263
0.7950 0.248
0.8070 0.274
0.8172 0.353
0.8300 0.372
0.8400 0.234
0.8470 0.276
0.8600 0.176
0.8640 0.170
0.8670 0.150
0.8700 0.178
0.8804 0.147
0.8872 0.101
0.8926 0.104
0.9100 0.220
0.9358 0.317
0.9700 0.139
0.9880 0.116
1.0120 0.105
1.0200 0.128
1.0400 0.169
1.0600 0.246
1.0800 0.320

